		kNearest_keepEdges								kNearest_removeEdges								kSpan_average_keepEdges			kSpan_average_removeEdges			kSpan_minimum_keepEdges			kSpan_minimum_removeEdges							
user	original	1	2	3	4	5	6	7	8	1	2	3	4	5	6	7	8	1	2	3	1	2	3	1	2	3	1	2	3	4	5	6	7	8
1	0.4	0.52	0.44	0.4	0.52	0.52	0.44	0.44	0.44	0.6	0.6	0.52	0.52	0.52	0.44	0.44	0.52	0.32	0.44	0.4	0.32	0.4	0.32	0.32	0.4	0.44	0.32	0.4	0.44	0.32	0.32	0.44	0.4	0.44
2	0.12	0	0	0.2	0.12	0.24	0.32	0.4	0.4	0	0.04	0.12	0.2	0.2	0.32	0.32	0.4	0.32	0.24	0.24	0.32	0.24	0.32	0.32	0.4	0.4	0.32	0.4	0.4	0.32	0.24	0.32	0.32	0.32
3	0	0	0	0.12	0.12	0.12	0.2	0.2	0.2	0	0	0	0.12	0.12	0.2	0.12	0.12	0.24	0.32	0.24	0.4	0.32	0.32	0.24	0.24	0.24	0.4	0.32	0.32	0.2	0.12	0.2	0.32	0.32
4	0.2	0.2	0.32	0.32	0.32	0.32	0.32	0.32	0.24	0.2	0.24	0.32	0.32	0.32	0.32	0.32	0.32	0.32	0.32	0.4	0.4	0.32	0.4	0.32	0.4	0.32	0.4	0.24	0.32	0.4	0.32	0.32	0.4	0.32
5	0.32	0.4	0.4	0.44	0.4	0.44	0.4	0.4	0.4	0.44	0.4	0.4	0.4	0.44	0.4	0.4	0.4	0.32	0.4	0.32	0.32	0.4	0.24	0.32	0.4	0.32	0.32	0.4	0.32	0.32	0.32	0.32	0.32	0.32
6	0.2	0.2	0.2	0.2	0.24	0.24	0.32	0.24	0.32	0.2	0.2	0.2	0.24	0.24	0.32	0.32	0.24	0.4	0.4	0.4	0.4	0.4	0.32	0.4	0.4	0.4	0.4	0.32	0.32	0.4	0.32	0.24	0.32	0.32
7	0	0	0	0	0.04	0.04	0.12	0.12	0.12	0	0	0	0	0.04	0.04	0.12	0.12	0.12	0.12	0.2	0.12	0.2	0.12	0.12	0.12	0.12	0.12	0.12	0.12	0.12	0.2	0.2	0.2	0.2
8	0	0.12	0.12	0.12	0.12	0.2	0.24	0.24	0.24	0	0.12	0.12	0.12	0.2	0.24	0.24	0.24	0.2	0.2	0.24	0.2	0.32	0.24	0.2	0.2	0.32	0.2	0.2	0.32	0.32	0.4	0.4	0.32	0.32
9	0.32	0.32	0.32	0.24	0.2	0.2	0.32	0.32	0.32	0.32	0.32	0.2	0.32	0.2	0.32	0.32	0.32	0.24	0.2	0.24	0.32	0.2	0.2	0.24	0.2	0.32	0.32	0.24	0.32	0.32	0.32	0.24	0.24	0.32
10	0	0	0	0	0.12	0.12	0.12	0.2	0.2	0.04	0	0	0.04	0.12	0.12	0.12	0.2	0.2	0.2	0.32	0.2	0.2	0.32	0.2	0.2	0	0.2	0.2	0.04	0	0.12	0.32	0.4	0.32
11	0.12	0.12	0.12	0.12	0.2	0.24	0.32	0.32	0.32	0.12	0.12	0.2	0.2	0.24	0.32	0.32	0.32	0.2	0.2	0.32	0.12	0.2	0.32	0.2	0.12	0.12	0.12	0.12	0.12	0.2	0.2	0.2	0.2	0.24
12	0.12	0.12	0.12	0.12	0.12	0.2	0.2	0.2	0.2	0.12	0.12	0.12	0.12	0.2	0.2	0.2	0.2	0.4	0.24	0.24	0.32	0.32	0.24	0.4	0.44	0.32	0.32	0.52	0.4	0.4	0.32	0.4	0.32	0.32
13	0.12	0.12	0.2	0.12	0.2	0.2	0.2	0.12	0.24	0.12	0.12	0.12	0.12	0.24	0.24	0.12	0.24	0.24	0.2	0.12	0.32	0.24	0.2	0.24	0.04	0.24	0.32	0.04	0.24	0.24	0.12	0.32	0.32	0.32
14	0.12	0.12	0.2	0.2	0.24	0.2	0.24	0.24	0.32	0.2	0.12	0.24	0.24	0.24	0.24	0.32	0.32	0.24	0.32	0.4	0.24	0.4	0.4	0.24	0.32	0.32	0.24	0.4	0.32	0.12	0.24	0.32	0.32	0.32
15	0	0	0	0.04	0.12	0.2	0.2	0.2	0.2	0	0	0	0.12	0.12	0.2	0.2	0.2	0.2	0.12	0.2	0.12	0.12	0.24	0.2	0.12	0.12	0.12	0.12	0.2	0.2	0.32	0.32	0.32	0.32
16	0.2	0.2	0.2	0.2	0.2	0.32	0.32	0.24	0.24	0.12	0.2	0.2	0.2	0.2	0.32	0.2	0.2	0.24	0.4	0.32	0.32	0.4	0.4	0.24	0.24	0.44	0.32	0.2	0.44	0.4	0.32	0.24	0.24	0.32
17	0.2	0.12	0.12	0.2	0.2	0.2	0.2	0.2	0.2	0.2	0.12	0.2	0.2	0.2	0.2	0.2	0.2	0.2	0.2	0.2	0.2	0.2	0.2	0.2	0.2	0.2	0.2	0.12	0.12	0.12	0.2	0.2	0.2	0.2
18	0.12	0.2	0.24	0.32	0.4	0.4	0.52	0.52	0.52	0.2	0.2	0.24	0.32	0.4	0.4	0.44	0.52	0.52	0.6	0.64	0.52	0.64	0.64	0.52	0.44	0.4	0.52	0.52	0.4	0.44	0.6	0.6	0.52	0.6
19	0.4	0.4	0.44	0.4	0.4	0.44	0.4	0.4	0.44	0.32	0.4	0.52	0.44	0.44	0.44	0.44	0.44	0.4	0.44	0.52	0.6	0.64	0.64	0.4	0.4	0.32	0.6	0.6	0.52	0.64	0.64	0.6	0.72	0.72
20	0.24	0.32	0.4	0.4	0.32	0.32	0.4	0.4	0.4	0.2	0.4	0.4	0.32	0.32	0.32	0.4	0.4	0.44	0.32	0.4	0.44	0.32	0.32	0.44	0.44	0.4	0.52	0.44	0.32	0.44	0.52	0.4	0.44	0.4
21	0.2	0.2	0.2	0.12	0.12	0.2	0.32	0.4	0.4	0.2	0.12	0.2	0.12	0.2	0.2	0.4	0.32	0.2	0.2	0.24	0.32	0.24	0.32	0.2	0.32	0.2	0.4	0.4	0.2	0.2	0.24	0.32	0.24	0.2
22	0.24	0.24	0.24	0.24	0.2	0.2	0.32	0.32	0.32	0.32	0.24	0.24	0.24	0.24	0.32	0.32	0.32	0.4	0.4	0.4	0.32	0.4	0.4	0.4	0.4	0.32	0.32	0.4	0.32	0.2	0.24	0.4	0.44	0.44
23	0.12	0.12	0.2	0.2	0.2	0.2	0.2	0.2	0.2	0.12	0.12	0.2	0.2	0.2	0.2	0.2	0.2	0.24	0.32	0.32	0.24	0.32	0.24	0.24	0.24	0.32	0.24	0.24	0.32	0.32	0.32	0.24	0.24	0.32
24	0.2	0.2	0.12	0.12	0.2	0.2	0.24	0.24	0.32	0.12	0.12	0.12	0.2	0.12	0.2	0.32	0.32	0.32	0.4	0.4	0.32	0.32	0.4	0.32	0.44	0.44	0.32	0.44	0.52	0.32	0.24	0.2	0.24	0.2
25	0	0.04	0.12	0.12	0.12	0.12	0.12	0.12	0.12	0.04	0	0.12	0.12	0.12	0.12	0.12	0.12	0.2	0.2	0.32	0.32	0.32	0.4	0.2	0.2	0.32	0.32	0.32	0.32	0.32	0.4	0.4	0.4	0.24
26	0.12	0.12	0.12	0.2	0.12	0.2	0.2	0.24	0.32	0.2	0.12	0.2	0.12	0.2	0.2	0.2	0.32	0.32	0.4	0.32	0.32	0.4	0.4	0.32	0.4	0.4	0.32	0.32	0.4	0.4	0.4	0.4	0.4	0.32
27	0.32	0.2	0.32	0.2	0.24	0.32	0.32	0.32	0.32	0.24	0.32	0.24	0.2	0.24	0.32	0.32	0.32	0.4	0.4	0.4	0.32	0.32	0.4	0.4	0.32	0.44	0.32	0.4	0.44	0.44	0.52	0.32	0.4	0.4
28	0.12	0.12	0.12	0.12	0.2	0.2	0.2	0.32	0.32	0.12	0.12	0.12	0.12	0.2	0.2	0.32	0.32	0.32	0.24	0.2	0.32	0.2	0.2	0.32	0.24	0.2	0.32	0.2	0.2	0.24	0.2	0.24	0.32	0.32
29	0.2	0.2	0.2	0.2	0.2	0.2	0.2	0.2	0.2	0.2	0.2	0.2	0.2	0.2	0.2	0.2	0.2	0.24	0.32	0.32	0.24	0.32	0.32	0.24	0.32	0.32	0.24	0.32	0.32	0.32	0.32	0.32	0.24	0.32
30	0.32	0.32	0.32	0.4	0.4	0.4	0.4	0.4	0.4	0.32	0.32	0.32	0.4	0.4	0.4	0.4	0.4	0.52	0.52	0.44	0.52	0.6	0.44	0.52	0.44	0.6	0.52	0.52	0.6	0.52	0.52	0.44	0.44	0.44
31	0.04	0.12	0.12	0.12	0.12	0.12	0.12	0.2	0.24	0.12	0.12	0.12	0.12	0.12	0.12	0.12	0.24	0.32	0.24	0.32	0.32	0.24	0.24	0.32	0.32	0.32	0.32	0.32	0.2	0.24	0.32	0.32	0.4	0.4
32	0	0	0	0	0	0	0	0	0	0.04	0	0	0	0	0	0	0	0	0	0	0	0	0	0	0.04	0	0	0	0	0	0	0	0	0
33	0.2	0.12	0.12	0.12	0.2	0.2	0.24	0.32	0.32	0.04	0.12	0.12	0.2	0.2	0.24	0.24	0.32	0.52	0.24	0.4	0.52	0.2	0.4	0.52	0.4	0.4	0.52	0.32	0.4	0.4	0.4	0.4	0.4	0.4
34	0.4	0.4	0.4	0.52	0.32	0.32	0.32	0.4	0.4	0.32	0.4	0.52	0.4	0.4	0.4	0.4	0.32	0.32	0.32	0.32	0.32	0.32	0.4	0.32	0.4	0.4	0.32	0.44	0.4	0.32	0.32	0.32	0.24	0.32
35	0	0.12	0.12	0.2	0.24	0.24	0.32	0.24	0.32	0.04	0.04	0.2	0.2	0.2	0.24	0.32	0.32	0.2	0.4	0.32	0.4	0.4	0.32	0.2	0.32	0.2	0.4	0.32	0.24	0.32	0.2	0.12	0.12	0.12
36	0.24	0.32	0.32	0.32	0.32	0.4	0.4	0.4	0.4	0.24	0.32	0.32	0.32	0.32	0.4	0.32	0.4	0.52	0.6	0.4	0.52	0.52	0.44	0.52	0.52	0.32	0.52	0.44	0.32	0.44	0.4	0.32	0.4	0.4
37	0.12	0.12	0.12	0.2	0.32	0.4	0.4	0.4	0.4	0.12	0.12	0.2	0.32	0.4	0.4	0.4	0.4	0.4	0.4	0.4	0.4	0.44	0.44	0.4	0.4	0.4	0.4	0.4	0.32	0.4	0.32	0.24	0.32	0.4
38	0	0	0	0	0	0.12	0.12	0.12	0.2	0	0	0	0	0.12	0.12	0.12	0.2	0	0.12	0.2	0	0.12	0.2	0	0.12	0.2	0	0.12	0.2	0.2	0.2	0.2	0.2	0.2
39	0	0	0	0	0	0	0	0	0	0	0	0	0	0	0	0	0	0.2	0.2	0.2	0.24	0.12	0.2	0.2	0.2	0.12	0.24	0.2	0.12	0.12	0.04	0.12	0.04	0.12
40	0.12	0.12	0.2	0.24	0.2	0.2	0.2	0.2	0.32	0.12	0.12	0.2	0.2	0.2	0.2	0.2	0.2	0.32	0.32	0.4	0.4	0.4	0.4	0.32	0.52	0.4	0.4	0.52	0.4	0.52	0.52	0.4	0.44	0.4
41	0	0	0	0.04	0.12	0.12	0.12	0.12	0.12	0	0	0.12	0.12	0.12	0.12	0.12	0.12	0.12	0.2	0	0.2	0.2	0.12	0.12	0.2	0.24	0.2	0.2	0.32	0.2	0.32	0.24	0.2	0.2
42	0.12	0.12	0.12	0.2	0.2	0.2	0.2	0.2	0.32	0.2	0.2	0.12	0.2	0.2	0.24	0.24	0.24	0.32	0.32	0.52	0.32	0.4	0.52	0.32	0.4	0.4	0.32	0.4	0.4	0.32	0.24	0.32	0.24	0.24
43	0	0.04	0	0	0	0	0	0	0	0	0.04	0	0	0	0	0	0	0	0	0	0	0.12	0	0	0	0	0	0	0.04	0	0	0	0	0
44	0	0.04	0	0	0.04	0.04	0.04	0.04	0.04	0	0	0	0	0	0.04	0.04	0.04	0.04	0.04	0.12	0.04	0.12	0.2	0.04	0	0	0.04	0.12	0	0.12	0.2	0.04	0	0
45	0.24	0.2	0.12	0.12	0.2	0.2	0.2	0.24	0.32	0.24	0.12	0.12	0.2	0.2	0.2	0.2	0.32	0.32	0.32	0.32	0.32	0.4	0.32	0.32	0.32	0.32	0.32	0.32	0.32	0.32	0.32	0.32	0.32	0.32
46	0.2	0.2	0.2	0.32	0.32	0.4	0.4	0.4	0.4	0.12	0.2	0.24	0.24	0.32	0.32	0.32	0.4	0.32	0.32	0.44	0.4	0.2	0.44	0.32	0.44	0.44	0.4	0.4	0.44	0.4	0.44	0.4	0.4	0.4
47	0.2	0.24	0.2	0.2	0.24	0.2	0.2	0.2	0.2	0.32	0.2	0.32	0.24	0.2	0.2	0.2	0.2	0.2	0.32	0.52	0.32	0.24	0.52	0.2	0.12	0.24	0.32	0.12	0.32	0.24	0.24	0.32	0.32	0.32
48	0	0	0.2	0.2	0.2	0.32	0.32	0.32	0.4	0	0.2	0.2	0.2	0.24	0.4	0.32	0.4	0.4	0.4	0.44	0.32	0.4	0.52	0.4	0.44	0.4	0.32	0.4	0.6	0.2	0.2	0.24	0.2	0.2
49	0.32	0.4	0.4	0.4	0.4	0.4	0.4	0.4	0.4	0.4	0.4	0.4	0.4	0.4	0.4	0.4	0.4	0.4	0.44	0.4	0.52	0.52	0.52	0.4	0.52	0.6	0.52	0.6	0.64	0.6	0.6	0.6	0.6	0.6
50	0	0.12	0.12	0.12	0.2	0.2	0.2	0.12	0.2	0	0	0.12	0.2	0.2	0.2	0.2	0.12	0.04	0.2	0.2	0.24	0.32	0.2	0.04	0.2	0.2	0.24	0.2	0.24	0.2	0.24	0.32	0.24	0.2
51	0.12	0.12	0.12	0.2	0.2	0.2	0.2	0.2	0.2	0.12	0.12	0.12	0.2	0.2	0.2	0.2	0.2	0.2	0.24	0.24	0.2	0.32	0.24	0.2	0.24	0.24	0.2	0.32	0.24	0.24	0.24	0.24	0.24	0.24
52	0	0.04	0.04	0.2	0.32	0.4	0.44	0.44	0.52	0	0.04	0.2	0.32	0.4	0.4	0.4	0.52	0.4	0.32	0.52	0.4	0.32	0.4	0.4	0.32	0.4	0.4	0.32	0.4	0.52	0.52	0.52	0.52	0.52
53	0.4	0.32	0.4	0.2	0.32	0.32	0.32	0.32	0.32	0.32	0.4	0.32	0.32	0.24	0.32	0.32	0.32	0.44	0.52	0.52	0.52	0.6	0.44	0.44	0.52	0.44	0.52	0.52	0.44	0.52	0.44	0.4	0.4	0.4
54	0.44	0.44	0.44	0.44	0.4	0.4	0.4	0.4	0.4	0.52	0.44	0.52	0.4	0.4	0.32	0.4	0.4	0.2	0.24	0.24	0.2	0.24	0.2	0.2	0.32	0.32	0.2	0.4	0.32	0.4	0.32	0.24	0.32	0.32
55	0.12	0.2	0.12	0.2	0.2	0.2	0.2	0.2	0.4	0.12	0.12	0.2	0.2	0.2	0.24	0.2	0.32	0.2	0.2	0.32	0.2	0.2	0.32	0.2	0.2	0.12	0.2	0.24	0.2	0.2	0.32	0.24	0.4	0.4
56	0.12	0	0.2	0.2	0.12	0.12	0.24	0.12	0.2	0	0.12	0.12	0.12	0.2	0.2	0.2	0.24	0.32	0.6	0.52	0.32	0.6	0.6	0.32	0.24	0.24	0.32	0.24	0.24	0.32	0.4	0.4	0.32	0.32
57	0.12	0.12	0.12	0.12	0.12	0.12	0.12	0.12	0.12	0	0	0.12	0.12	0.12	0.12	0.12	0.12	0.12	0.12	0.2	0.12	0.12	0.2	0.12	0.12	0.2	0.12	0.2	0.2	0.2	0.24	0.24	0.2	0.2
58	0.12	0.12	0.12	0.12	0.12	0.12	0.12	0.2	0.24	0.12	0.12	0.12	0.12	0.12	0.2	0.2	0.24	0.2	0.24	0.2	0.24	0.24	0.24	0.2	0.12	0.2	0.24	0.2	0.2	0.12	0.12	0.12	0.12	0.12
59	0.24	0.2	0.32	0.24	0.32	0.32	0.32	0.32	0.32	0.12	0.32	0.2	0.24	0.32	0.32	0.32	0.32	0.4	0.44	0.52	0.4	0.4	0.4	0.4	0.44	0.32	0.4	0.52	0.4	0.32	0.32	0.32	0.4	0.44
60	0.04	0.12	0.12	0.12	0.2	0.2	0.2	0.2	0.2	0	0.12	0.12	0.12	0.2	0.2	0.2	0.2	0.2	0.24	0.32	0.2	0.24	0.24	0.2	0.24	0.32	0.2	0.32	0.24	0.24	0.2	0.2	0.24	0.24
61	0	0	0.04	0.04	0.04	0.04	0.12	0.12	0.12	0	0	0.04	0.04	0.04	0.04	0.12	0.12	0.24	0.2	0.2	0.32	0.2	0.32	0.24	0.12	0.12	0.32	0.12	0.12	0.24	0.24	0.12	0.2	0.2
62	0	0	0	0	0	0.12	0.2	0.2	0.2	0	0	0	0.04	0.12	0.12	0.2	0.2	0.32	0.32	0.32	0.4	0.4	0.4	0.32	0.32	0.2	0.4	0.2	0.2	0.32	0.4	0.4	0.4	0.4
63	0	0	0	0	0	0	0	0	0	0	0	0	0	0	0	0	0	0.32	0.12	0.4	0.32	0.2	0.4	0.32	0.2	0.24	0.32	0.32	0.32	0.24	0.2	0.12	0.12	0.2
64	0.12	0.2	0.24	0.24	0.2	0.2	0.2	0.2	0.2	0.2	0.2	0.2	0.24	0.2	0.2	0.12	0.2	0.4	0.32	0.2	0.4	0.32	0.32	0.4	0.24	0.4	0.4	0.2	0.4	0.4	0.44	0.32	0.32	0.4
65	0.12	0.2	0.12	0.12	0.2	0.2	0.24	0.24	0.24	0.12	0.12	0.12	0.12	0.24	0.24	0.24	0.24	0.12	0.32	0.32	0.2	0.24	0.32	0.12	0.32	0.24	0.2	0.4	0.2	0.24	0.24	0.24	0.2	0.12
66	0.04	0.12	0.12	0.2	0.12	0.12	0.12	0.12	0.12	0	0.12	0.12	0.12	0.12	0.12	0.12	0.12	0.32	0.2	0.2	0.32	0.2	0.24	0.32	0.32	0.12	0.32	0.32	0.12	0.12	0.12	0.12	0.2	0.12
67	0.12	0.12	0.12	0.12	0.12	0.12	0.12	0.2	0.2	0.12	0.12	0.04	0.04	0.12	0.12	0.2	0.12	0.2	0.12	0.2	0.2	0.12	0.2	0.12	0.32	0.2	0.2	0.32	0.2	0.2	0.2	0.2	0.2	0.2
68	0.12	0.2	0.2	0.2	0.32	0.32	0.32	0.24	0.2	0.2	0.12	0.2	0.2	0.32	0.32	0.24	0.2	0.32	0.24	0.32	0.4	0.32	0.32	0.32	0.4	0.32	0.4	0.4	0.32	0.4	0.52	0.4	0.4	0.4
69	0	0.04	0.12	0.2	0.2	0.2	0.2	0.2	0.2	0	0	0.12	0.2	0.2	0.2	0.2	0.2	0.2	0.12	0.2	0.2	0.12	0.2	0.2	0.2	0.2	0.2	0.2	0.2	0.24	0.2	0.2	0.2	0.2
70	0	0	0	0	0.2	0.2	0.2	0.2	0.2	0	0	0	0.04	0.2	0.2	0.2	0.2	0.4	0.4	0.4	0.52	0.44	0.4	0.4	0.32	0.32	0.52	0.32	0.32	0.32	0.32	0.32	0.32	0.32
71	0.2	0.04	0.04	0.04	0.12	0.12	0.24	0.2	0.4	0.24	0.12	0.04	0.12	0.12	0.2	0.2	0.2	0.4	0.52	0.44	0.44	0.52	0.44	0.4	0.4	0.2	0.44	0.44	0.24	0.32	0.24	0.24	0.24	0.32
72	0	0	0.12	0.04	0.2	0.24	0.32	0.32	0.2	0	0.04	0.04	0.2	0.2	0.32	0.32	0.32	0.24	0.32	0.4	0.2	0.4	0.4	0.24	0.4	0.4	0.2	0.4	0.4	0.44	0.32	0.32	0.4	0.4
73	0.12	0.12	0.2	0.2	0.2	0.2	0.2	0.2	0.24	0.04	0.12	0.2	0.2	0.2	0.2	0.2	0.2	0.32	0.32	0.4	0.24	0.32	0.4	0.32	0.24	0.24	0.24	0.32	0.24	0.32	0.2	0.32	0.32	0.2
74	0	0	0	0	0	0	0.04	0.04	0.04	0	0	0	0	0	0.04	0.04	0.04	0.32	0.32	0.4	0.4	0.24	0.4	0.32	0.32	0.44	0.4	0.32	0.4	0.32	0.24	0.32	0.24	0.2
75	0	0	0.04	0.2	0.2	0.2	0.2	0.2	0.2	0	0	0.12	0.12	0.2	0.2	0.2	0.2	0.32	0.32	0.24	0.4	0.32	0.32	0.32	0.12	0.12	0.4	0.2	0.2	0.2	0.24	0.2	0.2	0.2
all	0.206933333	0.216	0.228266667	0.24	0.254933333	0.276266667	0.277333333	0.282666667	0.2976	0.202666667	0.2208	0.238933333	0.248	0.2736	0.2832	0.2816	0.290666667	0.322666667	0.3328	0.3456	0.344533333	0.348266667	0.3616	0.3216	0.326933333	0.328	0.346666667	0.348266667	0.332266667	0.338666667	0.348266667	0.3296	0.328	0.328
